    ID    hull distance (eV/atom)    Num_atom
    12                   0.000000    (1, 1)
     9                   0.025505    (8, 0)
    16                   0.059402    (4, 1)
    18                   0.073815    (2, 5)
    13                   0.133035    (0, 8)
     6                   0.190880    (6, 4)
    17                   0.191941    (0, 3)
    15                   0.224405    (7, 5)
     7                   0.234409    (6, 3)
     1                   0.235842    (3, 4)
     4                   0.257087    (8, 2)
     3                   0.267464    (1, 2)
    14                   0.274387    (7, 8)
     2                   0.302620    (1, 8)
    11                   0.352469    (2, 8)
     0                   0.374526    (7, 3)
    10                   0.461447    (7, 5)
     5                   0.513387    (4, 7)
     8                   0.619445    (6, 4)
    19                   1.103987    (7, 5)
