    ID    hull distance (eV/atom)    Num_atom
    13                   0.000000    (0, 4)
     9                   0.017517    (3, 1)
     0                   0.026983    (8, 2)
     7                   0.107457    (7, 8)
     3                   0.125807    (3, 7)
     8                   0.143766    (6, 7)
    16                   0.161414    (6, 6)
    18                   0.171542    (0, 7)
     2                   0.265074    (4, 0)
     5                   0.326163    (6, 8)
     6                   0.337971    (8, 4)
    15                   0.366877    (2, 8)
    17                   0.376907    (4, 4)
    11                   0.413407    (7, 6)
    10                   0.447190    (5, 8)
     1                   0.477272    (5, 6)
    14                   0.478636    (0, 7)
    12                   0.737060    (8, 8)
    19                   0.968405    (6, 4)
     4                   1.662144    (8, 0)
