    ID    hull distance (eV/atom)    Num_atom
    17                   0.000000    (8, 8)
    15                   0.033433    (0, 8)
    13                   0.106837    (3, 1)
    16                   0.221030    (1, 8)
    12                   0.255518    (2, 8)
    14                   0.284281    (7, 6)
     4                   0.289923    (3, 3)
    10                   0.326135    (2, 8)
     1                   0.337688    (2, 4)
     2                   0.345079    (1, 7)
    11                   0.383251    (4, 2)
     3                   0.391153    (6, 2)
     6                   0.441331    (6, 7)
     9                   0.495774    (2, 8)
     5                   0.518842    (5, 5)
     7                   0.543344    (8, 4)
    18                   0.568999    (0, 8)
    19                   0.706416    (6, 5)
     0                   0.824970    (5, 8)
     8                   1.816805    (6, 8)
