    ID    hull distance (eV/atom)    Num_atom
    10                   0.000000    (4, 0)
    16                   0.000000    (6, 2)
    12                   0.032507    (8, 0)
     4                   0.032668    (1, 0)
     6                   0.078830    (6, 8)
     1                   0.101377    (4, 4)
     7                   0.112329    (1, 7)
    11                   0.182903    (8, 4)
     8                   0.193590    (6, 7)
     5                   0.198695    (7, 3)
     9                   0.294504    (1, 1)
     0                   0.356407    (2, 6)
     3                   0.408532    (3, 2)
    15                   0.459282    (8, 6)
    14                   0.505031    (6, 0)
     2                   0.584754    (7, 6)
    13                   0.608724    (2, 4)
    18                   0.786702    (4, 4)
    19                   0.799629    (7, 4)
    17                   1.464595    (8, 3)
