    ID    hull distance (eV/atom)    Num_atom
     7                   0.094347    (4, 8)
    16                   0.104751    (1, 7)
    17                   0.113845    (4, 4)
    18                   0.125797    (2, 5)
    12                   0.185905    (8, 0)
     1                   0.196316    (8, 2)
     6                   0.241839    (0, 7)
     8                   0.311007    (4, 4)
     9                   0.311737    (3, 6)
     0                   0.358991    (2, 2)
    19                   0.359548    (4, 0)
    13                   0.377437    (6, 4)
    15                   0.415650    (1, 4)
     4                   0.445778    (1, 8)
     5                   0.527676    (8, 4)
    11                   0.581482    (8, 5)
    14                   0.669242    (6, 8)
    10                   0.716483    (8, 2)
     3                   0.731202    (7, 4)
     2                   0.824331    (6, 7)
