    ID    hull distance (eV/atom)    Num_atom
     1                   0.000000    (0, 3)
    12                   0.000000    (3, 0)
    18                   0.000617    (8, 0)
    14                   0.008574    (4, 8)
     8                   0.032230    (8, 0)
    11                   0.139904    (0, 8)
     9                   0.140075    (5, 8)
     4                   0.163129    (3, 4)
     7                   0.192077    (0, 4)
     2                   0.227675    (6, 6)
    13                   0.382884    (3, 0)
    10                   0.391533    (8, 7)
    19                   0.454910    (6, 6)
     5                   0.520410    (6, 0)
    15                   0.578489    (3, 4)
    16                   0.602697    (7, 2)
     0                   0.660374    (3, 3)
     6                   0.772247    (3, 8)
    17                   0.930436    (2, 8)
     3                   1.455252    (8, 8)
