    ID    hull distance (eV/atom)    Num_atom
     6                   0.000000    (0, 8)
     4                   0.000002    (0, 8)
     7                   0.004020    (2, 1)
     2                   0.017568    (3, 1)
     0                   0.106984    (6, 3)
    19                   0.107463    (0, 8)
    11                   0.114035    (2, 8)
     9                   0.138542    (8, 6)
    10                   0.193213    (0, 2)
     8                   0.265760    (0, 4)
    17                   0.274447    (4, 4)
     5                   0.300545    (8, 4)
    12                   0.394326    (8, 2)
     1                   0.412962    (3, 1)
    16                   0.420567    (0, 6)
    18                   0.574941    (2, 7)
    15                   0.577349    (7, 0)
    13                   0.850233    (6, 0)
     3                   0.896429    (8, 0)
    14                   1.126230    (7, 0)
