    ID    hull distance (eV/atom)    Num_atom
     5                   0.000000    (8, 8)
    16                   0.025644    (2, 0)
    12                   0.098589    (0, 4)
     6                   0.144298    (4, 1)
    11                   0.159449    (7, 8)
    15                   0.191943    (0, 6)
    13                   0.242414    (6, 1)
     8                   0.283694    (6, 4)
    17                   0.295593    (1, 1)
     2                   0.315555    (7, 2)
     7                   0.370457    (0, 6)
    14                   0.414052    (8, 7)
     4                   0.446225    (4, 0)
     9                   0.446227    (8, 0)
    18                   0.483214    (5, 5)
     3                   0.547281    (2, 8)
    19                   0.568025    (4, 2)
    10                   0.588062    (8, 2)
     0                   0.739609    (8, 8)
     1                   1.395692    (6, 6)
