    ID    hull distance (eV/atom)    Num_atom
    15                   0.000000    (7, 5)
    17                   0.000000    (4, 0)
     6                   0.000003    (4, 0)
     0                   0.010972    (8, 4)
     1                   0.041754    (8, 4)
     7                   0.042777    (1, 3)
    11                   0.049898    (2, 1)
    12                   0.065989    (3, 8)
     8                   0.074772    (8, 7)
    13                   0.129787    (2, 6)
     2                   0.131628    (4, 6)
    16                   0.143674    (6, 8)
     3                   0.289084    (6, 1)
    14                   0.315680    (0, 8)
    10                   0.365061    (6, 4)
     9                   0.388526    (7, 4)
    19                   0.542195    (5, 0)
    18                   0.651672    (6, 2)
     5                   0.982774    (3, 2)
     4                   1.075401    (6, 8)
